Inference for Stan model: lotka_volterra_model_model
1 chains: each with iter=1000; warmup=1000; thin=1; 1000 iterations saved.

Warmup took 2.6 seconds
Sampling took 1.1 seconds

                  Mean     MCSE   StdDev    MAD     5%   50%   95%  ESS_bulk  ESS_tail  ESS_bulk/s  R_hat

lp__               1.7  1.2e-01      2.2    2.0   -2.3   2.1   4.3       349       495         310    1.0
accept_stat__     0.86  6.6e-03  1.9e-01  0.079   0.45  0.93   1.0       923       842         819    1.0
stepsize__        0.36      nan  1.1e-15   0.00   0.36  0.36  0.36       nan       nan         nan    nan
treedepth__        3.2  1.8e-02  5.2e-01   0.00    2.0   3.0   4.0       nan       nan         nan    nan
n_leapfrog__        11  1.5e-01  4.4e+00    5.9    7.0   7.0    15       nan       nan         nan    nan
divergent__       0.00      nan  0.0e+00   0.00   0.00  0.00  0.00       nan       nan         nan    nan
energy__           1.4  1.6e-01  2.9e+00    2.7   -2.4   1.0   6.9       323       448         287    1.0

theta[1]           1.1  4.5e-03    0.080  0.072   0.97   1.1   1.2       372       280         330    1.0
theta[2]           1.1  1.0e-02     0.19   0.16   0.85   1.1   1.4       368       335         327    1.0
z_init[1]          1.1  1.2e-02     0.22   0.21   0.75   1.0   1.4       355       409         315    1.0
z_init[2]         0.35  3.1e-03    0.063  0.056   0.26  0.35  0.46       421       300         374    1.0
sigma[1]          0.49  5.1e-03     0.13   0.11   0.32  0.46  0.73       616       661         546    1.0
sigma[2]          0.45  7.2e-03     0.13   0.11   0.29  0.43  0.70       399       375         354    1.0
z_solution[1,1]    2.0  1.1e-02     0.30   0.29    1.6   2.0   2.6       693       740         615   1.00
z_solution[1,2]   0.76  8.0e-03     0.21   0.16   0.52  0.72   1.1       842       738         747    1.0
z_solution[2,1]   1.00  1.4e-02     0.36   0.34   0.44  0.99   1.6       602       310         534    1.0
z_solution[2,2]    2.5  2.2e-02     0.41   0.37    1.9   2.4   3.1       373       311         331    1.0
z_solution[3,1]   0.29  5.7e-03     0.11  0.097   0.14  0.28  0.48       327       249         290    1.0
z_solution[3,2]    1.2  6.5e-03     0.18   0.18   0.91   1.2   1.5       744       658         660   1.00
z_solution[4,1]   0.53  7.3e-03     0.13   0.11   0.34  0.52  0.78       299       240         266    1.0
z_solution[4,2]   0.42  3.0e-03    0.070  0.059   0.31  0.41  0.53       552       320         490    1.0
z_solution[5,1]    1.9  9.3e-03     0.27   0.26    1.5   1.9   2.4       815       669         723    1.0
z_solution[5,2]   0.61  3.8e-03     0.12   0.11   0.43  0.60  0.81      1077       818         955    1.0
z_solution[6,1]   0.46  9.0e-03     0.18   0.17   0.20  0.45  0.78       373       266         331    1.0
z_solution[6,2]    2.0  9.7e-03     0.23   0.22    1.7   2.0   2.4       564       498         500    1.0
z_solution[7,1]   0.46  6.5e-03     0.13   0.11   0.28  0.44  0.69       360       303         320    1.0
z_solution[7,2]   0.47  2.7e-03    0.062  0.055   0.37  0.47  0.57       532       337         472    1.0
z_solution[8,1]    2.1  1.1e-02     0.33   0.32    1.6   2.1   2.7       835       868         741   1.00
z_solution[8,2]   0.97  9.7e-03     0.31   0.29   0.49  0.94   1.5      1063       791         944   1.00
z[1,1]             2.0  1.1e-02     0.30   0.29    1.6   2.0   2.6       693       740         615   1.00
z[1,2]            0.76  8.0e-03     0.21   0.16   0.52  0.72   1.1       842       738         747    1.0
z[2,1]            1.00  1.4e-02     0.36   0.34   0.44  0.99   1.6       602       310         534    1.0
z[2,2]             2.5  2.2e-02     0.41   0.37    1.9   2.4   3.1       373       311         331    1.0
z[3,1]            0.29  5.7e-03     0.11  0.097   0.14  0.28  0.48       327       249         290    1.0
z[3,2]             1.2  6.5e-03     0.18   0.18   0.91   1.2   1.5       744       658         660   1.00
z[4,1]            0.53  7.3e-03     0.13   0.11   0.34  0.52  0.78       299       240         266    1.0
z[4,2]            0.42  3.0e-03    0.070  0.059   0.31  0.41  0.53       552       320         490    1.0
z[5,1]             1.9  9.3e-03     0.27   0.26    1.5   1.9   2.4       815       669         723    1.0
z[5,2]            0.61  3.8e-03     0.12   0.11   0.43  0.60  0.81      1077       818         955    1.0
z[6,1]            0.46  9.0e-03     0.18   0.17   0.20  0.45  0.78       373       266         331    1.0
z[6,2]             2.0  9.7e-03     0.23   0.22    1.7   2.0   2.4       564       498         500    1.0
z[7,1]            0.46  6.5e-03     0.13   0.11   0.28  0.44  0.69       360       303         320    1.0
z[7,2]            0.47  2.7e-03    0.062  0.055   0.37  0.47  0.57       532       337         472    1.0
z[8,1]             2.1  1.1e-02     0.33   0.32    1.6   2.1   2.7       835       868         741   1.00
z[8,2]            0.97  9.7e-03     0.31   0.29   0.49  0.94   1.5      1063       791         944   1.00
y_init_rep[1]      1.2  2.8e-02     0.84   0.51   0.45   1.0   2.6       881       889         782   1.00
y_init_rep[2]     0.40  7.6e-03     0.23   0.15   0.16  0.35  0.82       874       833         775   1.00
y_rep[1,1]         2.5  5.4e-02      1.4    1.0   0.92   2.1   5.0       883       874         784    1.0
y_rep[1,2]        0.85  2.2e-02     0.68   0.35   0.32  0.72   1.7       909       908         806    1.0
y_rep[2,1]         1.1  2.8e-02     0.79   0.60   0.31  0.95   2.5       690       380         613    1.0
y_rep[2,2]         2.8  5.4e-02      1.6    1.1    1.1   2.4   5.4       714       714         633    1.0
y_rep[3,1]        0.34  9.6e-03     0.25   0.16  0.093  0.28  0.75       533       515         473    1.0
y_rep[3,2]         1.3  2.3e-02     0.71   0.50   0.49   1.1   2.4       896       763         795   1.00
y_rep[4,1]        0.61  1.6e-02     0.42   0.24   0.20  0.52   1.3       577       721         512    1.0
y_rep[4,2]        0.46  8.7e-03     0.26   0.19   0.18  0.41  0.91       981       876         870    1.0
y_rep[5,1]         2.3  4.4e-02      1.4   0.97   0.87   1.9   4.7      1032       898         916    1.0
y_rep[5,2]        0.70  1.5e-02     0.45   0.27   0.27  0.61   1.4       833       690         739   1.00
y_rep[6,1]        0.52  1.7e-02     0.48   0.24   0.14  0.42   1.2       559       367         496    1.0
y_rep[6,2]         2.3  4.7e-02      1.5   0.87   0.89   2.0   4.4       946       971         839   1.00
y_rep[7,1]        0.52  1.3e-02     0.34   0.22   0.18  0.43   1.1       614       578         545    1.0
y_rep[7,2]        0.52  8.9e-03     0.28   0.20   0.21  0.46   1.0       938       795         832    1.0
y_rep[8,1]         2.4  5.7e-02      1.8    1.0   0.83   2.2   4.9      1015      1021         901    1.0
y_rep[8,2]         1.1  2.2e-02     0.67   0.48   0.33  0.92   2.4      1021       792         906    1.0

Samples were drawn using hmc with nuts.
For each parameter, ESS_bulk and ESS_tail measure the effective sample size for the entire sample (bulk) and for the .05 and .95 tails (tail), 
and R_hat measures the potential scale reduction on split chains. At convergence R_hat will be very close to 1.00.
